Loss: 0.5123940706253052,
Accuracy: 0.754687488079071
