Loss: 0.5288585424423218,
Accuracy: 0.7291666865348816