loss: 0.24299901723861694
accuracy: 0.9229166507720947
top 5 accuracy: 0.9989583492279053