Loss: 0.46709635853767395,
Accuracy: 0.7755208611488342