loss: 0.2366022765636444
accuracy: 0.9281250238418579
top 5 accuracy: 1.0