loss: 0.1841350644826889
accuracy: 0.9458333253860474
top 5 accuracy: 0.9989583492279053