loss: 0.289266437292099
accuracy: 0.909375011920929
top 5 accuracy: 0.9989583492279053
