loss: 0.4107877016067505
accuracy: 0.8583333492279053
top 5 accuracy: 0.996874988079071