loss: 0.29167523980140686
accuracy: 0.9104166626930237
top 5 accuracy: 0.9979166388511658