Loss: 0.5694897770881653,
Accuracy: 0.7109375