loss: 0.35269513726234436
accuracy: 0.8697916865348816
top 5 accuracy: 0.9989583492279053