loss: 0.2980233430862427
accuracy: 0.9072916507720947
top 5 accuracy: 0.9979166388511658