Loss: 0.5142763257026672,
Accuracy: 0.7416666746139526