loss: 0.29731470346450806
accuracy: 0.8979166746139526
top 5 accuracy: 0.9989583492279053