Loss: 0.42233479022979736,
Accuracy: 0.8130208253860474