loss: 0.16004307568073273
accuracy: 0.9572916626930237
top 5 accuracy: 0.9989583492279053