loss: 0.16739174723625183
accuracy: 0.9552083611488342
top 5 accuracy: 0.9979166388511658