loss: 0.4388268291950226
accuracy: 0.8479166626930237
top 5 accuracy: 0.9958333373069763