Loss: 0.5370912551879883,
Accuracy: 0.7333333492279053