Loss: 0.5351982712745667,
Accuracy: 0.7317708134651184