Loss: 0.3971441686153412,
Accuracy: 0.8182291388511658