Loss: 0.7877314686775208,
Accuracy: 0.5838541388511658