Loss: 0.40058040618896484,
Accuracy: 0.8223958611488342