Loss: 0.6921178102493286,
Accuracy: 0.671875